---
build/img/dots.png: 2016-02-03 15:39:36.000000000 +00:00
build/img/logo.png: 2016-02-03 15:39:41.000000000 +00:00
